{
  "nbformat": 4,
  "nbformat_minor": 0,
  "metadata": {
    "colab": {
      "provenance": []
    },
    "kernelspec": {
      "name": "python3",
      "display_name": "Python 3"
    },
    "language_info": {
      "name": "python"
    }
  },
  "cells": [
    {
      "cell_type": "markdown",
      "source": [
        " Equity Analysis"
      ],
      "metadata": {
        "id": "pIc1x2qmRImV"
      }
    },
    {
      "cell_type": "code",
      "source": [
        "import pandas as pd\n",
        "df_startup_data = pd.read_excel('/content/df_startup_data_v1.xlsx')"
      ],
      "metadata": {
        "id": "iwdB0pMEji7E"
      },
      "execution_count": 5,
      "outputs": []
    },
    {
      "cell_type": "code",
      "source": [
        "df_startup_data_org = pd.read_excel('/content/df_startup_data_v1.xlsx')"
      ],
      "metadata": {
        "id": "5zxgWnQAyT5O"
      },
      "execution_count": 6,
      "outputs": []
    },
    {
      "cell_type": "markdown",
      "source": [
        " Dropping Unused Columns"
      ],
      "metadata": {
        "id": "C-DZK0f4m7lx"
      }
    },
    {
      "cell_type": "code",
      "source": [
        "def drop_columns(df, columns_to_drop):\n",
        "    return df.drop(columns_to_drop, axis=1)"
      ],
      "metadata": {
        "id": "vUexEU1Xm6uR"
      },
      "execution_count": 7,
      "outputs": []
    },
    {
      "cell_type": "code",
      "source": [
        "columns_to_drop = ['Unnamed:_0.1','Unnamed:_0_x','ONE_LINER','About','Solution_&_Product','Innovation_&_Scalability',\n",
        "'Traction_&_achievements','Team_&_Why_Us','Funding_Needs','Unnamed:_0_y','Corporate_Name_y','Commercial_Titles','Address',\n",
        "'Website', 'Corporate_Name_x', 'Region', 'INDUSTRIES', 'TECHNOLOGY', 'BUSINESS_MODEL', 'REVENUE_MODEL', 'INDUSTRIES_updated', 'TECHNOLOGY_updated', \n",
        "'BUSINESS_MODEL_updated', 'REVENUE_MODEL_updated', 'FUNDING_SOURCES', 'FUNDING_SOURCES_updated','ONE_LINER', \"About\",  'Solution_&_Product', 'Innovation_&_Scalability', \n",
        "'Traction_&_achievements', 'Team_&_Why_Us', 'Funding_Needs', 'FUNDING', 'PATENTS', 'AWARDS', 'INCUBATIONS/ACCELERATIONS', 'Legal_Type',\n",
        " 'kind_of_shares', 'no_of_shares', 'value_of_share', 'Date_Started','New_Region', 'INDUS_Advertising & Marketing (AdTech)','INDUS_AgriTech / FoodTech',\n",
        " 'INDUS_Art, Cultural & Creative Industries','INDUS_Data Analytics - Big Data', 'INDUS_Defence Systems','INDUS_EduTech - Education',\n",
        "'INDUS_Enterprise Software','INDUS_Entertainment/Media (Games, Sports, Social)','INDUS_Environment & Energy (GreenTech, CleanTech)',\n",
        "'INDUS_FinTech – Financial Services (WealthTech)','INDUS_Hardware','INDUS_Human Resources','INDUS_InsurTech - Insurance',\n",
        "'INDUS_LegalTech / RegTech','INDUS_Life Sciences (MedTech, HealthTech, BioTech)','INDUS_Logistics & Transportation',\n",
        "'INDUS_Manufacturing','INDUS_Maritime','INDUS_Mobility','INDUS_Other','INDUS_Real Estate (PropTech, Construction)',\n",
        "'INDUS_RetailTech – E-Commerce - FashionTech','INDUS_Security','INDUS_Semiconductors','INDUS_Space','INDUS_Travel / Hospitality / Leisure',\n",
        "'INDUS_Well Being', 'TECH_3D Printing','TECH_AI','TECH_AR/VR','TECH_Blockchain','TECH_Cleantech','TECH_Cloud Computing',\n",
        "'TECH_Data Analytics - Big Data','TECH_Diagnostic/Imaging','TECH_Distributed Ledger','TECH_Drones','TECH_Hardware',\n",
        "'TECH_IoT','TECH_Nanotech','TECH_Networks','TECH_Other','TECH_Quantum Computing','TECH_Robotics','TECH_Sensors',\n",
        "'TECH_Software','TECH_Web or Mobile Application','region_population', 'gemi_id', 'title','amount','year', 'type']\n",
        "df_startup_data = drop_columns(df_startup_data, columns_to_drop)\n"
      ],
      "metadata": {
        "id": "_3JgXb8FnDav"
      },
      "execution_count": 8,
      "outputs": []
    },
    {
      "cell_type": "code",
      "source": [
        "for col in df_startup_data.columns:\n",
        "  print(col)"
      ],
      "metadata": {
        "colab": {
          "base_uri": "https://localhost:8080/"
        },
        "id": "RbSpLG2TOw7N",
        "outputId": "244393ad-d520-4cfa-ab67-c22389bd1e44"
      },
      "execution_count": 9,
      "outputs": [
        {
          "output_type": "stream",
          "name": "stdout",
          "text": [
            "id\n",
            "Funding_State\n",
            "BM_B2B\n",
            "BM_B2B2C\n",
            "BM_B2C\n",
            "BM_B2G\n",
            "BM_C2C\n",
            "BM_Other\n",
            "FS_Angel\n",
            "FS_Crowd\n",
            "FS_Grant\n",
            "FS_Loan\n",
            "FS_Other\n",
            "FS_Self\n",
            "FS_VC\n",
            "RM_Advertising\n",
            "RM_Commission Fee\n",
            "RM_Licencing\n",
            "RM_Marketplace/Brokerage\n",
            "RM_Other\n",
            "RM_Price per Item\n",
            "RM_Price per Use\n",
            "RM_SaaS\n",
            "RM_Subscription\n",
            "PATENTS_COUNT\n",
            "AWARDS_COUNT\n",
            "INCUBATIONS/ACCELERATIONS_COUNT\n",
            "Date_Started_new\n",
            "capital\n",
            "Legal_Type_Code\n",
            "kind_of_shares_Code\n"
          ]
        }
      ]
    },
    {
      "cell_type": "code",
      "source": [
        "df_startup_data.isna().sum().sort_values(ascending=False).head(20)\n"
      ],
      "metadata": {
        "colab": {
          "base_uri": "https://localhost:8080/"
        },
        "id": "I3c_OEf3PRZp",
        "outputId": "df5194ef-342c-4b3d-91b9-d360327acfb4"
      },
      "execution_count": 10,
      "outputs": [
        {
          "output_type": "execute_result",
          "data": {
            "text/plain": [
              "kind_of_shares_Code                297\n",
              "Legal_Type_Code                    296\n",
              "capital                            296\n",
              "Date_Started_new                   296\n",
              "RM_Commission Fee                    0\n",
              "INCUBATIONS/ACCELERATIONS_COUNT      0\n",
              "AWARDS_COUNT                         0\n",
              "PATENTS_COUNT                        0\n",
              "RM_Subscription                      0\n",
              "RM_SaaS                              0\n",
              "RM_Price per Use                     0\n",
              "RM_Price per Item                    0\n",
              "RM_Other                             0\n",
              "RM_Marketplace/Brokerage             0\n",
              "RM_Licencing                         0\n",
              "id                                   0\n",
              "Funding_State                        0\n",
              "FS_VC                                0\n",
              "FS_Self                              0\n",
              "FS_Other                             0\n",
              "dtype: int64"
            ]
          },
          "metadata": {},
          "execution_count": 10
        }
      ]
    },
    {
      "cell_type": "code",
      "source": [
        "# dropping NA values\n",
        "df_startup_data = df_startup_data.dropna()\n",
        "df_startup_data.isna().sum()"
      ],
      "metadata": {
        "id": "lDKSSZWMrvlg",
        "colab": {
          "base_uri": "https://localhost:8080/"
        },
        "outputId": "e659231d-3db2-4acf-e056-cfe387a0647b"
      },
      "execution_count": 11,
      "outputs": [
        {
          "output_type": "execute_result",
          "data": {
            "text/plain": [
              "id                                 0\n",
              "Funding_State                      0\n",
              "BM_B2B                             0\n",
              "BM_B2B2C                           0\n",
              "BM_B2C                             0\n",
              "BM_B2G                             0\n",
              "BM_C2C                             0\n",
              "BM_Other                           0\n",
              "FS_Angel                           0\n",
              "FS_Crowd                           0\n",
              "FS_Grant                           0\n",
              "FS_Loan                            0\n",
              "FS_Other                           0\n",
              "FS_Self                            0\n",
              "FS_VC                              0\n",
              "RM_Advertising                     0\n",
              "RM_Commission Fee                  0\n",
              "RM_Licencing                       0\n",
              "RM_Marketplace/Brokerage           0\n",
              "RM_Other                           0\n",
              "RM_Price per Item                  0\n",
              "RM_Price per Use                   0\n",
              "RM_SaaS                            0\n",
              "RM_Subscription                    0\n",
              "PATENTS_COUNT                      0\n",
              "AWARDS_COUNT                       0\n",
              "INCUBATIONS/ACCELERATIONS_COUNT    0\n",
              "Date_Started_new                   0\n",
              "capital                            0\n",
              "Legal_Type_Code                    0\n",
              "kind_of_shares_Code                0\n",
              "dtype: int64"
            ]
          },
          "metadata": {},
          "execution_count": 11
        }
      ]
    },
    {
      "cell_type": "markdown",
      "source": [
        "Handling Datetime"
      ],
      "metadata": {
        "id": "dWc2WUIYGmp0"
      }
    },
    {
      "cell_type": "code",
      "source": [
        "import pandas as pd\n",
        "\n",
        "\n",
        "df_startup_data['Date_Started_new'] = pd.to_datetime(df_startup_data['Date_Started_new'])\n",
        "df_startup_data['Date_seconds'] = (df_startup_data['Date_Started_new'] - pd.Timestamp('1970-01-01')) // pd.Timedelta('1s')\n",
        "\n",
        "\n",
        "df_startup_data.drop('Date_Started_new', axis=1, inplace=True)\n"
      ],
      "metadata": {
        "id": "1SS2npupYSnX"
      },
      "execution_count": 12,
      "outputs": []
    },
    {
      "cell_type": "markdown",
      "source": [
        "Scaling"
      ],
      "metadata": {
        "id": "lnWIXaAuGRF1"
      }
    },
    {
      "cell_type": "code",
      "source": [
        "\"\"\"from sklearn.preprocessing import MinMaxScaler\n",
        "\n",
        "scaler = MinMaxScaler(feature_range=(0, 1))\n",
        "df_startup_data['capital'] = scaler.fit_transform(df_startup_data['capital'].values.reshape(-1, 1))\"\"\"\n"
      ],
      "metadata": {
        "colab": {
          "base_uri": "https://localhost:8080/",
          "height": 53
        },
        "id": "E2UBfYV2-azI",
        "outputId": "6b9e4950-2721-43f5-9d97-8b27c18d793f"
      },
      "execution_count": 13,
      "outputs": [
        {
          "output_type": "execute_result",
          "data": {
            "text/plain": [
              "\"from sklearn.preprocessing import MinMaxScaler\\n\\nscaler = MinMaxScaler(feature_range=(0, 1))\\ndf_startup_data['capital'] = scaler.fit_transform(df_startup_data['capital'].values.reshape(-1, 1))\""
            ],
            "application/vnd.google.colaboratory.intrinsic+json": {
              "type": "string"
            }
          },
          "metadata": {},
          "execution_count": 13
        }
      ]
    },
    {
      "cell_type": "markdown",
      "source": [
        "correlation plot\n"
      ],
      "metadata": {
        "id": "LEcaOmeVJd5I"
      }
    },
    {
      "cell_type": "code",
      "source": [
        "#import plotly_express as px\n",
        "import plotly.graph_objs as go\n",
        "#import plotly.plotly as py\n",
        "from plotly.offline import init_notebook_mode, iplot\n",
        "\n",
        "corr = df_startup_data.corr()\n",
        "trace = go.Heatmap(z=corr,x=corr.index,y=corr.columns)\n",
        "data = [trace]\n",
        "layout = dict(title=\"Correlation Plot\")\n",
        "fig = dict(data=data, layout=layout)\n",
        "iplot(fig)"
      ],
      "metadata": {
        "colab": {
          "base_uri": "https://localhost:8080/",
          "height": 542
        },
        "id": "RLaxqOwOGsqy",
        "outputId": "c9ce24c7-160b-47cc-fc4d-3736195ac4b2"
      },
      "execution_count": 14,
      "outputs": [
        {
          "output_type": "display_data",
          "data": {
            "text/html": [
              "<html>\n",
              "<head><meta charset=\"utf-8\" /></head>\n",
              "<body>\n",
              "    <div>            <script src=\"https://cdnjs.cloudflare.com/ajax/libs/mathjax/2.7.5/MathJax.js?config=TeX-AMS-MML_SVG\"></script><script type=\"text/javascript\">if (window.MathJax && window.MathJax.Hub && window.MathJax.Hub.Config) {window.MathJax.Hub.Config({SVG: {font: \"STIX-Web\"}});}</script>                <script type=\"text/javascript\">window.PlotlyConfig = {MathJaxConfig: 'local'};</script>\n",
              "        <script src=\"https://cdn.plot.ly/plotly-2.18.2.min.js\"></script>                <div id=\"9dbf4fb8-c6ea-415c-bca9-b27d965167f8\" class=\"plotly-graph-div\" style=\"height:525px; width:100%;\"></div>            <script type=\"text/javascript\">                                    window.PLOTLYENV=window.PLOTLYENV || {};                                    if (document.getElementById(\"9dbf4fb8-c6ea-415c-bca9-b27d965167f8\")) {                    Plotly.newPlot(                        \"9dbf4fb8-c6ea-415c-bca9-b27d965167f8\",                        [{\"x\":[\"id\",\"Funding_State\",\"BM_B2B\",\"BM_B2B2C\",\"BM_B2C\",\"BM_B2G\",\"BM_C2C\",\"BM_Other\",\"FS_Angel\",\"FS_Crowd\",\"FS_Grant\",\"FS_Loan\",\"FS_Other\",\"FS_Self\",\"FS_VC\",\"RM_Advertising\",\"RM_Commission Fee\",\"RM_Licencing\",\"RM_Marketplace/Brokerage\",\"RM_Other\",\"RM_Price per Item\",\"RM_Price per Use\",\"RM_SaaS\",\"RM_Subscription\",\"PATENTS_COUNT\",\"AWARDS_COUNT\",\"INCUBATIONS/ACCELERATIONS_COUNT\",\"capital\",\"Legal_Type_Code\",\"kind_of_shares_Code\",\"Date_seconds\"],\"y\":[\"id\",\"Funding_State\",\"BM_B2B\",\"BM_B2B2C\",\"BM_B2C\",\"BM_B2G\",\"BM_C2C\",\"BM_Other\",\"FS_Angel\",\"FS_Crowd\",\"FS_Grant\",\"FS_Loan\",\"FS_Other\",\"FS_Self\",\"FS_VC\",\"RM_Advertising\",\"RM_Commission Fee\",\"RM_Licencing\",\"RM_Marketplace/Brokerage\",\"RM_Other\",\"RM_Price per Item\",\"RM_Price per Use\",\"RM_SaaS\",\"RM_Subscription\",\"PATENTS_COUNT\",\"AWARDS_COUNT\",\"INCUBATIONS/ACCELERATIONS_COUNT\",\"capital\",\"Legal_Type_Code\",\"kind_of_shares_Code\",\"Date_seconds\"],\"z\":[[1.0,0.03879779401599541,-0.03917393069245638,0.07159317146273265,-0.07469628515570405,0.017114952558837736,-0.0802929120742596,-0.05112078602956783,0.0018026889740001446,-0.0179474742261401,-0.15642540586909373,0.0012102764968987473,-0.016802073946577976,0.0013448489200732047,-0.004810670009838912,0.16094436991457708,0.04265097504332418,-0.10598355859684665,0.14784867205254126,-0.07670241111426661,-0.09279211746247161,-0.0922265130697292,0.010763241934979807,0.03464490949414871,0.0349571225337562,-0.04082644366852864,0.06243956923258557,-0.01256086322978074,0.05555157217077905,-0.06224306102764952,0.04175869058005858],[0.03879779401599541,1.0,-0.011293051348529018,-0.01514411830607161,-0.09872529224273173,-0.03253595930918608,-0.0049935319393557475,0.034464170584666054,0.26810540423730095,0.030409991855072697,-0.04320734859518078,0.052107806992807426,0.08688950775652868,-0.45131610412163853,0.4406165978984933,0.02855928606053525,-0.008107339771796462,0.03026031259953677,-0.0165426369736115,-0.10512418739518423,-0.012947309206098042,-0.015055406779573795,0.01678214720582249,-0.10450393114243382,0.19520839557007044,0.0492153550443711,0.02053853149726969,0.03138605934419126,0.04695519564900195,-0.15825443969994618,-0.06335321294082819],[-0.03917393069245638,-0.011293051348529018,1.0,-0.2974720978867517,0.026134822058588,0.1659925990768255,0.04640928845756911,-0.09273938966830102,-0.02539682539682554,0.053677187938666146,0.1458684077719918,-0.002411847797525782,0.05709151867066039,-0.028397646597709648,0.00312221355272285,-0.12517196162708683,-0.14665968115545583,0.13923546035978468,-0.16092006915547064,0.02594410785476773,0.10471064219029536,0.042294952007698935,0.16261905571226404,0.1135049983655845,0.053717778033255226,0.08297236556379281,0.006977889998731539,-0.09047588018403445,0.05993626527508248,-0.007594679577871321,0.033495433381713666],[0.07159317146273265,-0.01514411830607161,-0.2974720978867517,1.0,0.04749839342731609,-0.01369109947564195,0.11826554231809361,-0.019588735108918107,0.021516867514754675,-0.03818621684977984,0.008718656814324998,0.007442406946517272,-0.08160948821445688,0.04658037460085062,0.03380412223047467,0.062440063620134933,0.1667223353138438,0.04901786976848558,0.1690508256065195,-0.055047466166406454,-0.05823797820468745,0.041936684459727536,0.05091953352253727,0.17312673602901915,-0.04465224402566631,-0.02927645330555748,0.059990897253521046,0.05855859854043636,0.04170739307624301,-0.02191246038608568,-0.0052785835627427976],[-0.07469628515570405,-0.09872529224273173,0.026134822058588,0.04749839342731609,1.0,0.03252775532379973,0.1398042284017135,0.08571766675999237,-0.026134822058588133,0.04002822787219016,0.053023370389097886,-0.023868765103949724,-0.03388679774616211,0.06683785958715387,-0.057658667931795325,0.08604066295209571,0.13382210001555353,0.09582452419125244,-0.001513546568227894,-0.0020527693295089473,0.24887461230509889,0.20786232479248423,-0.11090269544197383,0.06628406833573705,0.07611935147199111,-0.05146477947536722,-0.10366580275938674,-0.05698008589242781,-0.046581486657618444,0.05532240138080855,-0.005716716369748516],[0.017114952558837736,-0.03253595930918608,0.1659925990768255,-0.01369109947564195,0.03252775532379973,1.0,0.118050602657273,-0.006622035913586843,-0.016048044467284528,0.1606836543708718,0.03272183391569571,-0.038441794947502335,0.0413900060992701,0.0890506946349251,-0.04342179434425196,-0.04665148747198468,0.0024114281087659543,0.13757030786616273,0.03144856354425346,0.0007189038798717264,0.07345544381282376,0.04383226597453734,0.1394655132617372,0.02295428603676338,0.034954399738479976,0.039139322724401654,0.05347464943323739,-0.016915135267439853,0.031664213148303436,-0.03171264410772566,0.08511723766137513],[-0.0802929120742596,-0.0049935319393557475,0.04640928845756911,0.11826554231809361,0.1398042284017135,0.118050602657273,1.0,0.33716036484318623,0.1262895182875664,0.280590709291897,0.010256699763191957,0.07243253158223924,0.049725031386364534,-0.020584570465233272,0.04462911049348811,0.09751163756980112,0.10257978337762713,0.0584101871804834,0.07882460494030248,0.13359753206167543,0.038012451824251545,0.16054280989209563,0.11514485086793133,0.05174757752102769,-0.028803925593263398,-0.022452494281850054,-0.04374829972895754,-0.007535133354174298,0.11158012575764821,-0.10855881198384754,-0.0018127726557963363],[-0.05112078602956783,0.034464170584666054,-0.09273938966830102,-0.019588735108918107,0.08571766675999237,-0.006622035913586843,0.33716036484318623,1.0,0.18413904497542216,0.13239215166404794,0.03282220520482462,0.046259322935366845,0.015377790260142854,-0.09432819550258549,0.10230069050451975,0.011709233691413813,0.018953990635755102,-0.07910485426384578,0.054597861190988195,0.2435584655489907,-0.04320760915963495,0.07654610595094867,0.08171449062704675,-0.01833539746706347,0.007347468023231315,-0.024355774127669802,-0.06970782624388783,-0.017960696879429982,0.10053747278262727,-0.12365364997779411,-0.044803180407253715],[0.0018026889740001446,0.26810540423730095,-0.02539682539682554,0.021516867514754675,-0.026134822058588133,-0.016048044467284528,0.1262895182875664,0.18413904497542216,1.0,0.09613096385379277,-0.05194726434497529,0.0846826560020153,-0.009912255596924867,-0.40651778451551,0.3392062009779514,0.09290681282816529,0.12651448110412472,-0.10425568431195004,0.13231412750478785,-0.025944107854767706,-0.12171919623919512,-0.0992447338777145,0.04346577443702412,-0.009899345744471169,0.0791122418742549,-0.0789810593544408,-0.036424106213310124,-0.03462219080191912,0.1255859783857366,-0.155072759752812,-0.028693450339308268],[-0.0179474742261401,0.030409991855072697,0.053677187938666146,-0.03818621684977984,0.04002822787219016,0.1606836543708718,0.280590709291897,0.13239215166404794,0.09613096385379277,1.0,0.11773282444208245,0.14560070470981815,0.11069364443709723,-0.13522770144955829,0.10306886084730237,0.1855222937014021,0.20947659626427578,0.08727244852477177,0.2523949692496974,0.025892908944566216,0.005620572820026907,0.12148953572338608,0.01702547423529915,0.020922656028585257,0.03579084361701017,0.11800203282576374,0.22323775505126403,-0.019630084446524067,-0.02303652235664757,0.03742897204426808,0.03187111446542156],[-0.15642540586909373,-0.04320734859518078,0.1458684077719918,0.008718656814324998,0.053023370389097886,0.03272183391569571,0.010256699763191957,0.03282220520482462,-0.05194726434497529,0.11773282444208245,1.0,0.12885719366501663,0.030561442301619852,-0.008409742596228781,0.0073759403783829934,0.011140983511496267,-0.006010009882722465,0.11068581427166617,0.009719439170334373,0.02672990359345627,0.045433240599783056,0.058521419387206924,-0.008017358973840488,0.07150125741926341,-0.01049967052884043,0.21777397124422315,0.09541295686774959,-0.07712585191034767,0.015933429202084196,-0.06939892882416793,-0.031449188174712504],[0.0012102764968987473,0.052107806992807426,-0.002411847797525782,0.007442406946517272,-0.023868765103949724,-0.038441794947502335,0.07243253158223924,0.046259322935366845,0.0846826560020153,0.14560070470981815,0.12885719366501663,1.0,0.0568896588817641,-0.022960725803203172,0.04288926410182805,-0.01886742632733685,0.1089460153260295,-0.034138416996517776,0.027456437967768307,-0.013621483019464673,0.006447720993172163,-0.0032153709888956866,0.019531017773580735,-0.0330081763065102,-0.01207345295219444,0.11922528814082924,0.02945046564027667,0.051030752426702616,-0.0069376831735610675,0.0011662431118435548,-0.04431731376779441],[-0.016802073946577976,0.08688950775652868,0.05709151867066039,-0.08160948821445688,-0.03388679774616211,0.0413900060992701,0.049725031386364534,0.015377790260142854,-0.009912255596924867,0.11069364443709723,0.030561442301619852,0.0568896588817641,1.0,-0.13722614448402654,0.07758636443317928,-0.05227068476857348,-0.01865909099216052,0.09477105063151672,0.012404346755673538,0.15050171304844243,0.0479695425270078,0.040170596618678917,-0.0010127945057248988,-0.023721110848688214,0.21405508625099923,-0.026667295123853883,-0.06180057388698947,0.1002252931515246,0.058448911503434335,-0.015486836404514743,0.12747003885693342],[0.0013448489200732047,-0.45131610412163853,-0.028397646597709648,0.04658037460085062,0.06683785958715387,0.0890506946349251,-0.020584570465233272,-0.09432819550258549,-0.40651778451551,-0.13522770144955829,-0.008409742596228781,-0.022960725803203172,-0.13722614448402654,1.0,-0.6628050266074833,-0.03977114958230472,-0.0297511605979305,0.009101409928712787,-0.042662099972422984,-0.01101357701870291,0.025316634456298857,-0.037858512098838906,4.992676123236891e-05,0.11992699883179958,-0.017525624912640723,-0.010419814799201945,0.07956966072382873,-0.09501122135623127,-0.0515807506495282,0.1696659844181042,0.08900440732749677],[-0.004810670009838912,0.4406165978984933,0.00312221355272285,0.03380412223047467,-0.057658667931795325,-0.04342179434425196,0.04462911049348811,0.10230069050451975,0.3392062009779514,0.10306886084730237,0.0073759403783829934,0.04288926410182805,0.07758636443317928,-0.6628050266074833,1.0,0.07244325555920796,0.004259418402551697,0.04619552746656476,0.000480025624989428,-0.05813419117647057,0.030596401625465657,-0.002357277458538125,0.05729138640593698,-0.016574346063172946,0.07060694175205658,0.034827841927162054,-0.06003630397915193,0.12322883489995431,-0.037358153931886094,-0.07806832053468966,-0.014502243496475942],[0.16094436991457708,0.02855928606053525,-0.12517196162708683,0.062440063620134933,0.08604066295209571,-0.04665148747198468,0.09751163756980112,0.011709233691413813,0.09290681282816529,0.1855222937014021,0.011140983511496267,-0.01886742632733685,-0.05227068476857348,-0.03977114958230472,0.07244325555920796,1.0,0.13735627490133567,-0.12140917464816486,0.19803032123783473,0.0391994895552067,-0.04801804914756347,-0.010178163086467821,-0.2205020962287454,0.06439837341482224,-0.06763122357053587,-0.03331202538832196,0.0033532110604509824,-0.04786635302721381,-0.03248998328840609,0.013721394633374871,0.10144503716216884],[0.04265097504332418,-0.008107339771796462,-0.14665968115545583,0.1667223353138438,0.13382210001555353,0.0024114281087659543,0.10257978337762713,0.018953990635755102,0.12651448110412472,0.20947659626427578,-0.006010009882722465,0.1089460153260295,-0.01865909099216052,-0.0297511605979305,0.004259418402551697,0.13735627490133567,1.0,0.03088099979874754,0.3138108999188964,-0.016496795082898773,-0.058248305030557564,0.12676016206838897,-0.11396483360746137,0.09202830592181127,-0.11257374851559834,0.036962563636420115,0.10660038332534058,-0.025561205914354027,-0.00259815292813984,-0.018579997847204262,0.1273587721475263],[-0.10598355859684665,0.03026031259953677,0.13923546035978468,0.04901786976848558,0.09582452419125244,0.13757030786616273,0.0584101871804834,-0.07910485426384578,-0.10425568431195004,0.08727244852477177,0.11068581427166617,-0.034138416996517776,0.09477105063151672,0.009101409928712787,0.04619552746656476,-0.12140917464816486,0.03088099979874754,1.0,-0.07754795821735168,0.010154798286805215,0.1525431991170965,0.1589749564870663,0.055258055288657515,0.013368177526215528,0.07098244881212672,-0.00402415428469191,-0.025882816193332145,-0.04884769224316137,-0.0241619513888586,-0.02979817446429639,0.0005768995187728505],[0.14784867205254126,-0.0165426369736115,-0.16092006915547064,0.1690508256065195,-0.001513546568227894,0.03144856354425346,0.07882460494030248,0.054597861190988195,0.13231412750478785,0.2523949692496974,0.009719439170334373,0.027456437967768307,0.012404346755673538,-0.042662099972422984,0.000480025624989428,0.19803032123783473,0.3138108999188964,-0.07754795821735168,1.0,-0.028993547749362962,-0.13766235345085512,0.017009562426401753,-0.06213065865043615,0.12682917500764382,-0.04263902695957576,0.023556753991871824,0.10225611815454795,-0.046903736169342965,0.021142789922104853,-0.009504097030283603,0.08803762582101424],[-0.07670241111426661,-0.10512418739518423,0.02594410785476773,-0.055047466166406454,-0.0020527693295089473,0.0007189038798717264,0.13359753206167543,0.2435584655489907,-0.025944107854767706,0.025892908944566216,0.02672990359345627,-0.013621483019464673,0.15050171304844243,-0.01101357701870291,-0.05813419117647057,0.0391994895552067,-0.016496795082898773,0.010154798286805215,-0.028993547749362962,1.0,0.0656452646815028,0.07587885008429571,-0.1373494706291225,-0.14111375057281866,0.07060694175205647,-0.02274525984320037,-0.029696970116436485,-0.03224695223516612,0.04952785559151579,-0.07806832053468968,-0.03457064188111862],[-0.09279211746247161,-0.012947309206098042,0.10471064219029536,-0.05823797820468745,0.24887461230509889,0.07345544381282376,0.038012451824251545,-0.04320760915963495,-0.12171919623919512,0.005620572820026907,0.045433240599783056,0.006447720993172163,0.0479695425270078,0.025316634456298857,0.030596401625465657,-0.04801804914756347,-0.058248305030557564,0.1525431991170965,-0.13766235345085512,0.0656452646815028,1.0,0.022981059419665474,-0.2808859328710203,-0.14481702702546292,0.13187317449847322,-0.01805957344476633,-0.08585958688520344,0.08241915086362926,-0.035519698277889346,0.00488242690276044,-0.08013782987586557],[-0.0922265130697292,-0.015055406779573795,0.042294952007698935,0.041936684459727536,0.20786232479248423,0.04383226597453734,0.16054280989209563,0.07654610595094867,-0.0992447338777145,0.12148953572338608,0.058521419387206924,-0.0032153709888956866,0.040170596618678917,-0.037858512098838906,-0.002357277458538125,-0.010178163086467821,0.12676016206838897,0.1589749564870663,0.017009562426401753,0.07587885008429571,0.022981059419665474,1.0,-0.003979240247466931,0.016486011406069832,-0.08309036363927455,0.07792879579316331,0.017714710556887354,0.046355782156146226,-0.0951539685269612,0.07765224750841386,0.06720627019793686],[0.010763241934979807,0.01678214720582249,0.16261905571226404,0.05091953352253727,-0.11090269544197383,0.1394655132617372,0.11514485086793133,0.08171449062704675,0.04346577443702412,0.01702547423529915,-0.008017358973840488,0.019531017773580735,-0.0010127945057248988,4.992676123236891e-05,0.05729138640593698,-0.2205020962287454,-0.11396483360746137,0.055258055288657515,-0.06213065865043615,-0.1373494706291225,-0.2808859328710203,-0.003979240247466931,1.0,0.2441273025081153,-0.09171102911704787,0.0628899560595922,-0.003234968167665531,-0.04476507894790438,-0.002981622113148143,-0.05527815277116754,-0.027203564886369005],[0.03464490949414871,-0.10450393114243382,0.1135049983655845,0.17312673602901915,0.06628406833573705,0.02295428603676338,0.05174757752102769,-0.01833539746706347,-0.009899345744471169,0.020922656028585257,0.07150125741926341,-0.0330081763065102,-0.023721110848688214,0.11992699883179958,-0.016574346063172946,0.06439837341482224,0.09202830592181127,0.013368177526215528,0.12682917500764382,-0.14111375057281866,-0.14481702702546292,0.016486011406069832,0.2441273025081153,1.0,-0.09854316924393859,0.15680218621044,0.11462789868926919,-0.0906301452688015,-0.06209976899648453,0.10271571239516535,0.08911063466149192],[0.0349571225337562,0.19520839557007044,0.053717778033255226,-0.04465224402566631,0.07611935147199111,0.034954399738479976,-0.028803925593263398,0.007347468023231315,0.0791122418742549,0.03579084361701017,-0.01049967052884043,-0.01207345295219444,0.21405508625099923,-0.017525624912640723,0.07060694175205658,-0.06763122357053587,-0.11257374851559834,0.07098244881212672,-0.04263902695957576,0.07060694175205647,0.13187317449847322,-0.08309036363927455,-0.09171102911704787,-0.09854316924393859,1.0,0.05291401202856471,0.07605797144524502,0.0005455583194187403,-0.01923465687589879,0.036092957192186664,0.06336564005774964],[-0.04082644366852864,0.0492153550443711,0.08297236556379281,-0.02927645330555748,-0.05146477947536722,0.039139322724401654,-0.022452494281850054,-0.024355774127669802,-0.0789810593544408,0.11800203282576374,0.21777397124422315,0.11922528814082924,-0.026667295123853883,-0.010419814799201945,0.034827841927162054,-0.03331202538832196,0.036962563636420115,-0.00402415428469191,0.023556753991871824,-0.02274525984320037,-0.01805957344476633,0.07792879579316331,0.0628899560595922,0.15680218621044,0.05291401202856471,1.0,0.32362007542028337,0.0016340224383826366,-0.05544602321714272,0.07579872158441515,-0.08824734813033008],[0.06243956923258557,0.02053853149726969,0.006977889998731539,0.059990897253521046,-0.10366580275938674,0.05347464943323739,-0.04374829972895754,-0.06970782624388783,-0.036424106213310124,0.22323775505126403,0.09541295686774959,0.02945046564027667,-0.06180057388698947,0.07956966072382873,-0.06003630397915193,0.0033532110604509824,0.10660038332534058,-0.025882816193332145,0.10225611815454795,-0.029696970116436485,-0.08585958688520344,0.017714710556887354,-0.003234968167665531,0.11462789868926919,0.07605797144524502,0.32362007542028337,1.0,-0.05592720997354744,-0.06027050241095211,0.14346189450438213,-0.00921030854447282],[-0.01256086322978074,0.03138605934419126,-0.09047588018403445,0.05855859854043636,-0.05698008589242781,-0.016915135267439853,-0.007535133354174298,-0.017960696879429982,-0.03462219080191912,-0.019630084446524067,-0.07712585191034767,0.051030752426702616,0.1002252931515246,-0.09501122135623127,0.12322883489995431,-0.04786635302721381,-0.025561205914354027,-0.04884769224316137,-0.046903736169342965,-0.03224695223516612,0.08241915086362926,0.046355782156146226,-0.04476507894790438,-0.0906301452688015,0.0005455583194187403,0.0016340224383826366,-0.05592720997354744,1.0,0.23655353056345865,-0.22501479674449854,-0.10908488643696304],[0.05555157217077905,0.04695519564900195,0.05993626527508248,0.04170739307624301,-0.046581486657618444,0.031664213148303436,0.11158012575764821,0.10053747278262727,0.1255859783857366,-0.02303652235664757,0.015933429202084196,-0.0069376831735610675,0.058448911503434335,-0.0515807506495282,-0.037358153931886094,-0.03248998328840609,-0.00259815292813984,-0.0241619513888586,0.021142789922104853,0.04952785559151579,-0.035519698277889346,-0.0951539685269612,-0.002981622113148143,-0.06209976899648453,-0.01923465687589879,-0.05544602321714272,-0.06027050241095211,0.23655353056345865,1.0,-0.6503176090948617,-0.2413320325646778],[-0.06224306102764952,-0.15825443969994618,-0.007594679577871321,-0.02191246038608568,0.05532240138080855,-0.03171264410772566,-0.10855881198384754,-0.12365364997779411,-0.155072759752812,0.03742897204426808,-0.06939892882416793,0.0011662431118435548,-0.015486836404514743,0.1696659844181042,-0.07806832053468966,0.013721394633374871,-0.018579997847204262,-0.02979817446429639,-0.009504097030283603,-0.07806832053468968,0.00488242690276044,0.07765224750841386,-0.05527815277116754,0.10271571239516535,0.036092957192186664,0.07579872158441515,0.14346189450438213,-0.22501479674449854,-0.6503176090948617,1.0,0.17591520022584417],[0.04175869058005858,-0.06335321294082819,0.033495433381713666,-0.0052785835627427976,-0.005716716369748516,0.08511723766137513,-0.0018127726557963363,-0.044803180407253715,-0.028693450339308268,0.03187111446542156,-0.031449188174712504,-0.04431731376779441,0.12747003885693342,0.08900440732749677,-0.014502243496475942,0.10144503716216884,0.1273587721475263,0.0005768995187728505,0.08803762582101424,-0.03457064188111862,-0.08013782987586557,0.06720627019793686,-0.027203564886369005,0.08911063466149192,0.06336564005774964,-0.08824734813033008,-0.00921030854447282,-0.10908488643696304,-0.2413320325646778,0.17591520022584417,1.0]],\"type\":\"heatmap\"}],                        {\"template\":{\"data\":{\"barpolar\":[{\"marker\":{\"line\":{\"color\":\"#E5ECF6\",\"width\":0.5},\"pattern\":{\"fillmode\":\"overlay\",\"size\":10,\"solidity\":0.2}},\"type\":\"barpolar\"}],\"bar\":[{\"error_x\":{\"color\":\"#2a3f5f\"},\"error_y\":{\"color\":\"#2a3f5f\"},\"marker\":{\"line\":{\"color\":\"#E5ECF6\",\"width\":0.5},\"pattern\":{\"fillmode\":\"overlay\",\"size\":10,\"solidity\":0.2}},\"type\":\"bar\"}],\"carpet\":[{\"aaxis\":{\"endlinecolor\":\"#2a3f5f\",\"gridcolor\":\"white\",\"linecolor\":\"white\",\"minorgridcolor\":\"white\",\"startlinecolor\":\"#2a3f5f\"},\"baxis\":{\"endlinecolor\":\"#2a3f5f\",\"gridcolor\":\"white\",\"linecolor\":\"white\",\"minorgridcolor\":\"white\",\"startlinecolor\":\"#2a3f5f\"},\"type\":\"carpet\"}],\"choropleth\":[{\"colorbar\":{\"outlinewidth\":0,\"ticks\":\"\"},\"type\":\"choropleth\"}],\"contourcarpet\":[{\"colorbar\":{\"outlinewidth\":0,\"ticks\":\"\"},\"type\":\"contourcarpet\"}],\"contour\":[{\"colorbar\":{\"outlinewidth\":0,\"ticks\":\"\"},\"colorscale\":[[0.0,\"#0d0887\"],[0.1111111111111111,\"#46039f\"],[0.2222222222222222,\"#7201a8\"],[0.3333333333333333,\"#9c179e\"],[0.4444444444444444,\"#bd3786\"],[0.5555555555555556,\"#d8576b\"],[0.6666666666666666,\"#ed7953\"],[0.7777777777777778,\"#fb9f3a\"],[0.8888888888888888,\"#fdca26\"],[1.0,\"#f0f921\"]],\"type\":\"contour\"}],\"heatmapgl\":[{\"colorbar\":{\"outlinewidth\":0,\"ticks\":\"\"},\"colorscale\":[[0.0,\"#0d0887\"],[0.1111111111111111,\"#46039f\"],[0.2222222222222222,\"#7201a8\"],[0.3333333333333333,\"#9c179e\"],[0.4444444444444444,\"#bd3786\"],[0.5555555555555556,\"#d8576b\"],[0.6666666666666666,\"#ed7953\"],[0.7777777777777778,\"#fb9f3a\"],[0.8888888888888888,\"#fdca26\"],[1.0,\"#f0f921\"]],\"type\":\"heatmapgl\"}],\"heatmap\":[{\"colorbar\":{\"outlinewidth\":0,\"ticks\":\"\"},\"colorscale\":[[0.0,\"#0d0887\"],[0.1111111111111111,\"#46039f\"],[0.2222222222222222,\"#7201a8\"],[0.3333333333333333,\"#9c179e\"],[0.4444444444444444,\"#bd3786\"],[0.5555555555555556,\"#d8576b\"],[0.6666666666666666,\"#ed7953\"],[0.7777777777777778,\"#fb9f3a\"],[0.8888888888888888,\"#fdca26\"],[1.0,\"#f0f921\"]],\"type\":\"heatmap\"}],\"histogram2dcontour\":[{\"colorbar\":{\"outlinewidth\":0,\"ticks\":\"\"},\"colorscale\":[[0.0,\"#0d0887\"],[0.1111111111111111,\"#46039f\"],[0.2222222222222222,\"#7201a8\"],[0.3333333333333333,\"#9c179e\"],[0.4444444444444444,\"#bd3786\"],[0.5555555555555556,\"#d8576b\"],[0.6666666666666666,\"#ed7953\"],[0.7777777777777778,\"#fb9f3a\"],[0.8888888888888888,\"#fdca26\"],[1.0,\"#f0f921\"]],\"type\":\"histogram2dcontour\"}],\"histogram2d\":[{\"colorbar\":{\"outlinewidth\":0,\"ticks\":\"\"},\"colorscale\":[[0.0,\"#0d0887\"],[0.1111111111111111,\"#46039f\"],[0.2222222222222222,\"#7201a8\"],[0.3333333333333333,\"#9c179e\"],[0.4444444444444444,\"#bd3786\"],[0.5555555555555556,\"#d8576b\"],[0.6666666666666666,\"#ed7953\"],[0.7777777777777778,\"#fb9f3a\"],[0.8888888888888888,\"#fdca26\"],[1.0,\"#f0f921\"]],\"type\":\"histogram2d\"}],\"histogram\":[{\"marker\":{\"pattern\":{\"fillmode\":\"overlay\",\"size\":10,\"solidity\":0.2}},\"type\":\"histogram\"}],\"mesh3d\":[{\"colorbar\":{\"outlinewidth\":0,\"ticks\":\"\"},\"type\":\"mesh3d\"}],\"parcoords\":[{\"line\":{\"colorbar\":{\"outlinewidth\":0,\"ticks\":\"\"}},\"type\":\"parcoords\"}],\"pie\":[{\"automargin\":true,\"type\":\"pie\"}],\"scatter3d\":[{\"line\":{\"colorbar\":{\"outlinewidth\":0,\"ticks\":\"\"}},\"marker\":{\"colorbar\":{\"outlinewidth\":0,\"ticks\":\"\"}},\"type\":\"scatter3d\"}],\"scattercarpet\":[{\"marker\":{\"colorbar\":{\"outlinewidth\":0,\"ticks\":\"\"}},\"type\":\"scattercarpet\"}],\"scattergeo\":[{\"marker\":{\"colorbar\":{\"outlinewidth\":0,\"ticks\":\"\"}},\"type\":\"scattergeo\"}],\"scattergl\":[{\"marker\":{\"colorbar\":{\"outlinewidth\":0,\"ticks\":\"\"}},\"type\":\"scattergl\"}],\"scattermapbox\":[{\"marker\":{\"colorbar\":{\"outlinewidth\":0,\"ticks\":\"\"}},\"type\":\"scattermapbox\"}],\"scatterpolargl\":[{\"marker\":{\"colorbar\":{\"outlinewidth\":0,\"ticks\":\"\"}},\"type\":\"scatterpolargl\"}],\"scatterpolar\":[{\"marker\":{\"colorbar\":{\"outlinewidth\":0,\"ticks\":\"\"}},\"type\":\"scatterpolar\"}],\"scatter\":[{\"fillpattern\":{\"fillmode\":\"overlay\",\"size\":10,\"solidity\":0.2},\"type\":\"scatter\"}],\"scatterternary\":[{\"marker\":{\"colorbar\":{\"outlinewidth\":0,\"ticks\":\"\"}},\"type\":\"scatterternary\"}],\"surface\":[{\"colorbar\":{\"outlinewidth\":0,\"ticks\":\"\"},\"colorscale\":[[0.0,\"#0d0887\"],[0.1111111111111111,\"#46039f\"],[0.2222222222222222,\"#7201a8\"],[0.3333333333333333,\"#9c179e\"],[0.4444444444444444,\"#bd3786\"],[0.5555555555555556,\"#d8576b\"],[0.6666666666666666,\"#ed7953\"],[0.7777777777777778,\"#fb9f3a\"],[0.8888888888888888,\"#fdca26\"],[1.0,\"#f0f921\"]],\"type\":\"surface\"}],\"table\":[{\"cells\":{\"fill\":{\"color\":\"#EBF0F8\"},\"line\":{\"color\":\"white\"}},\"header\":{\"fill\":{\"color\":\"#C8D4E3\"},\"line\":{\"color\":\"white\"}},\"type\":\"table\"}]},\"layout\":{\"annotationdefaults\":{\"arrowcolor\":\"#2a3f5f\",\"arrowhead\":0,\"arrowwidth\":1},\"autotypenumbers\":\"strict\",\"coloraxis\":{\"colorbar\":{\"outlinewidth\":0,\"ticks\":\"\"}},\"colorscale\":{\"diverging\":[[0,\"#8e0152\"],[0.1,\"#c51b7d\"],[0.2,\"#de77ae\"],[0.3,\"#f1b6da\"],[0.4,\"#fde0ef\"],[0.5,\"#f7f7f7\"],[0.6,\"#e6f5d0\"],[0.7,\"#b8e186\"],[0.8,\"#7fbc41\"],[0.9,\"#4d9221\"],[1,\"#276419\"]],\"sequential\":[[0.0,\"#0d0887\"],[0.1111111111111111,\"#46039f\"],[0.2222222222222222,\"#7201a8\"],[0.3333333333333333,\"#9c179e\"],[0.4444444444444444,\"#bd3786\"],[0.5555555555555556,\"#d8576b\"],[0.6666666666666666,\"#ed7953\"],[0.7777777777777778,\"#fb9f3a\"],[0.8888888888888888,\"#fdca26\"],[1.0,\"#f0f921\"]],\"sequentialminus\":[[0.0,\"#0d0887\"],[0.1111111111111111,\"#46039f\"],[0.2222222222222222,\"#7201a8\"],[0.33333